00000000010011111010010100000011
00000001000001010101011000010011
00001111111100000000011110010011
00000000100001111001011110010011
00001111111101111000011110010011
00000000100001111001011110010011
00001111111101111000011110010011
00000000100001111001011110010011
00001111111101111000011110010011
00000000111101100111011110110011
00001011000000000000100100010011
00000000110010010001100100010011
00100000010010010000100100010011
00000000100010010001100100010011
00000000010010010000100100010011
00000001001001111000000001100011
00000000000000000000000001111111
