00000000010011111010010100000011
00000000010111111010010110000011
00000001000001010001011010010011
00000001100001011101011100010011
00000001100001110101011100010011
00001111111100000000011110010011
00000000100001111001011110010011
00001111111101111000011110010011
00000000000001111000100000110011
00000001000010000001100010010011
00000001000101101111100010110011
00000001000001110111100000110011
00000001000110000000100000110011
00001011000000000000100100010011
00000000110010010001100100010011
00100000010010010000100100010011
00000000100010010001100100010011
00000000010010010000100100010011
00000001001010000000000001100011
00000000000000000000000001111111
